#Put Keywords Here, check Charge and Multiplicity.

 alanine.gzmat

0  1
C
H  1  r2
N  1  r3  2  a3
H  3  r4  1  a4  2  d4
H  3  r5  1  a5  2  d5
C  1  r6  2  a6  3  d6
H  6  r7  1  a7  2  d7
H  6  r8  1  a8  2  d8
H  6  r9  1  a9  2  d9
C  1  r10  2  a10  3  d10
O  10  r11  1  a11  2  d11
O  10  r12  1  a12  2  d12
H  12  r13  10  a13  1  d13
Variables:
r2= 1.0930
r3= 1.4913
a3= 108.76
r4= 1.0207
a4= 108.69
d4=  60.00
r5= 1.0179
a5= 108.73
d5= 180.00
r6= 1.5394
a6= 108.79
d6= 240.00
r7= 1.0925
a7= 110.43
d7= 180.00
r8= 1.0925
a8= 110.43
d8= 300.00
r9= 1.0925
a9= 110.43
d9=  60.00
r10= 1.5393
a10= 104.84
d10= 120.00
r11= 1.2080
a11= 125.82
d11=  60.00
r12= 1.2949
a12= 115.89
d12= 240.00
r13= 0.9721
a13=  98.39
d13= 180.00
d4 =  274.9860119000
d5 =  394.9860119000
d7 =  36.5496328000
d8 =  156.5496328000
d9 =  276.5496328000
d11 =  32.9116569000
d12 =  -147.0883431000
d13 =  84.4020817000
